proj:       3
zone:       0
north:      34:10:12N
south:      13:03N
east:       85:10:48W
west:       118:28:48W
cols:       1000
rows:       634
e-w resol:  0:01:59.88
n-s resol:  0:01:59.88
top:        1.000000000000000
bottom:     0.000000000000000
cols3:      10000
rows3:      6342
depths:     1
e-w resol3: 0:00:11.988
n-s resol3: 0:00:11.988
t-b resol:  1
